$ 1 0.000005 10.20027730826997 50 5 43
R 48 192 16 192 0 0 40 5 0 0 0.5
150 224 80 320 80 0 2 0 5
L 112 64 80 64 0 0 false 5 0
b 368 80 455 144 0
x 389 71 436 74 4 24 DC1
M 368 96 416 96 0 2.5
M 368 128 416 128 0 2.5
w 112 128 144 96 0
w 112 96 144 128 0
w 144 128 224 128 0
154 224 144 320 144 0 2 5 5
w 320 80 336 80 0
w 336 80 352 96 0
w 352 96 368 96 0
w 320 144 336 144 0
w 336 144 352 128 0
w 352 128 368 128 0
s 48 192 80 192 0 0 false
x 254 86 286 89 4 18 and
x 257 150 282 153 4 18 xor
w 112 64 112 96 0
w 112 128 112 160 0
w 112 160 224 160 0
w 144 96 224 96 0
w 112 64 224 64 0
w 80 192 112 160 0
w 80 192 112 224 0
w 112 224 224 224 0
w 112 224 112 256 0
w 112 256 144 288 0
w 144 288 224 288 0
w 144 256 112 288 0
w 144 256 224 256 0
w 112 288 112 320 0
w 112 320 224 320 0
x 257 310 282 313 4 18 xor
x 254 246 286 249 4 18 and
154 224 304 320 304 0 2 5 5
150 224 240 320 240 0 2 0 5
L 112 320 80 320 0 0 false 5 0
w 352 288 368 288 0
w 336 304 352 288 0
w 320 304 336 304 0
w 352 256 368 256 0
w 336 240 352 256 0
w 320 240 336 240 0
M 368 288 416 288 0 2.5
M 368 256 416 256 0 2.5
x 389 231 436 234 4 24 DC2
b 368 240 455 304 0
